0.09368443204704674
0.1126362550286576
0.07805769739300011
0.10431080714496782
0.06478320121392606
0.027850879669189477
0.08972334945201876
0.05133357521891596
0.029217228698730446
0.014288000106811527
0.048795571327209464
0.04966300101578236
0.0562114645782858
0.057131999447941784
0.06315999971330166
0.05166404893249271
0.06485574850440029
0.057156001493334774
0.21877799862623212
0.18778020375967025
0.1896773976236582
0.059599000304937366
0.06813419991731645
0.0711049989759922
0.050378405187845254
0.03666611248254775
0.07062099808454514
0.026623999975621704
0.08905197630263861
0.034801000073552135
0.034511000193655494
0.02975159944593908
0.08176200026273728
0.060814533195495624
0.035426999717950824
0.034315760001540185
0.03280079895257948
0.03678799951076506
0.02981824027001856
0.0380858493000269
0.03387430399656299
0.029842039659619346
0.03736487978696823
0.028118999950587753
0.04359589018672705
0.036509440302848806
0.07089356552250681
0.09502310240268708
0.040898839622735994
0.033492449693381776
0.04525113787595181
0.03920540266856554
0.04844314329419286
0.0381510009020567
0.036901000231504444
0.02706496024131777
0.07266640038788319
0.05042416556831447
0.036209695160388966
0.03640199945867062
0.10193699905276299
0.03920835973322395
0.03108249652385714
0.03613375926017759
0.03732067929208277
0.028657344043254873
0.028346720337867726
0.0395605992488563
0.03507978247106075
0.04435970056429506
0.08762359621562066
0.07090520122647287
0.06670500086247921
0.06491184932738542
0.14486495042666792
0.07744566542189568
0.06549847621005028
0.1077609986960888
0.07512434457056222
0.10502334879338743
0.07571318234875801
0.1073225990831852
0.07849399679899216
0.0744979385249317
0.08668940383568408
0.07110851062322038
0.09368443204704674
0.1126362550286576
0.07805769739300011
0.10431080714496782
0.06478320121392606
0.027850879669189477
0.08972334945201876
0.05133357521891596
0.029217228698730446
0.014288000106811527
0.048795571327209464
0.04966300101578236
0.0562114645782858
0.057131999447941784
0.06315999971330166
0.05166404893249271
0.06485574850440029
0.057156001493334774
0.21877799862623212
0.18778020375967025
0.1896773976236582
0.059599000304937366
0.06813419991731645
0.0711049989759922
0.050378405187845254
0.03666611248254775
0.07062099808454514
0.026623999975621704
0.08905197630263861
0.034801000073552135
0.034511000193655494
0.02975159944593908
0.08176200026273728
0.060814533195495624
0.035426999717950824
0.034315760001540185
0.03280079895257948
0.03678799951076506
0.02981824027001856
0.0380858493000269
0.03387430399656299
0.029842039659619346
0.03736487978696823
0.028118999950587753
0.04359589018672705
0.036509440302848806
0.07089356552250681
0.09502310240268708
0.040898839622735994
0.033492449693381776
0.04525113787595181
0.03920540266856554
0.04844314329419286
0.0381510009020567
0.036901000231504444
0.02706496024131777
0.07266640038788319
0.05042416556831447
0.036209695160388966
0.03640199945867062
0.10193699905276299
0.03920835973322395
0.03108249652385714
0.03613375926017759
0.03732067929208277
0.028657344043254873
0.028346720337867726
0.0395605992488563
0.03507978247106075
0.04435970056429506
0.08762359621562066
0.07090520122647287
0.06670500086247921
0.06491184932738542
0.14486495042666792
0.07744566542189568
0.06549847621005028
0.1077609986960888
0.07512434457056222
0.10502334879338743
0.07571318234875801
0.1073225990831852
0.07849399679899216
0.0744979385249317
0.08668940383568408
